1000
91 47 20
10 72 100
66 98 21
7 29 86
90 78 19
64 88 26
36 98 27
89 37 94
88 76 98
59 60 85
32 38 20
53 28 74
16 15 64
99 41 62
9 78 90
20 46 39
58 20 9
87 37 94
19 54 59
22 54 16
38 96 19
52 90 42
23 89 93
20 73 91
98 28 93
29 11 42
83 53 23
85 74 65
20 14 88
44 4 23
55 58 79
17 53 33
80 15 95
24 29 11
94 54 91
100 70 91
63 18 95
16 48 34
13 15 91
97 69 86
6 56 93
38 18 74
0 53 42
96 23 79
61 89 91
52 58 41
8 61 3
57 53 73
48 59 23
94 30 1
91 59 33
4 47 1
19 53 6
34 92 69
49 48 55
67 5 11
36 12 28
6 53 79
84 32 46
35 35 60
58 36 22
83 15 78
66 96 69
52 37 89
37 21 1
2 100 54
91 2 12
0 55 55
0 33 60
56 30 6
78 28 94
96 46 9
10 37 85
89 8 11
2 93 86
28 11 21
71 8 8
50 22 86
100 66 7
62 17 11
57 26 71
53 85 73
32 14 83
51 61 55
37 92 57
97 82 93
75 53 41
8 64 34
30 65 81
39 39 55
7 21 17
98 41 60
4 62 87
12 39 71
21 94 36
53 92 12
65 18 82
4 38 5
71 81 41
92 38 94
33 17 14
74 24 4
75 33 74
78 31 43
98 85 38
21 26 87
77 21 90
97 7 12
15 100 82
75 76 37
65 70 12
19 71 93
55 99 81
39 12 84
16 86 46
47 68 48
60 68 69
55 65 61
52 71 98
66 26 38
17 36 76
14 78 60
99 95 91
43 86 20
30 15 68
73 7 6
26 4 85
4 8 40
93 91 57
16 93 89
34 85 73
94 73 33
21 17 22
72 84 72
20 39 43
23 36 86
19 7 99
42 33 8
29 81 85
70 35 40
46 60 87
40 87 59
2 76 15
94 62 11
17 69 21
54 84 33
30 29 57
68 45 5
82 47 46
13 15 75
51 66 33
5 20 37
97 76 47
66 43 12
11 72 92
25 40 82
60 29 94
68 88 5
77 88 1
84 79 48
8 59 6
88 45 37
21 84 62
16 39 79
17 78 67
100 89 76
49 22 17
50 96 59
85 70 9
5 4 81
28 75 45
6 10 20
34 9 32
43 99 74
25 63 58
38 27 52
55 94 27
38 15 17
72 53 57
82 35 76
18 82 44
30 5 25
66 17 16
32 81 7
20 71 63
42 93 80
100 28 10
76 9 32
99 99 99
81 79 13
9 10 84
48 21 33
49 60 88
32 74 85
40 31 94
70 16 5
78 84 95
56 48 75
5 97 10
55 37 9
11 99 88
63 75 34
40 9 35
6 54 76
60 38 13
43 24 79
8 44 91
19 80 12
6 68 91
90 98 72
91 24 30
12 33 57
91 86 25
68 82 88
28 46 55
26 7 46
79 88 11
38 100 15
32 60 75
80 25 64
57 38 52
1 81 66
63 43 23
21 60 67
6 97 77
10 34 82
84 53 47
53 6 61
19 67 40
59 19 85
43 89 76
48 62 3
62 86 17
45 4 63
87 28 17
98 55 70
26 91 40
7 25 48
95 88 7
61 85 22
8 100 13
33 70 76
84 18 41
38 31 43
70 35 42
70 67 75
75 2 67
40 47 81
54 69 77
52 36 12
42 93 63
75 93 5
55 3 20
67 58 20
96 2 72
25 17 18
10 22 55
90 16 86
56 92 59
91 22 82
14 72 37
70 29 55
33 44 96
48 38 28
17 6 40
0 27 62
42 8 52
61 71 58
35 62 33
15 28 37
42 91 58
26 54 1
20 2 14
100 91 18
51 22 21
66 19 66
4 84 60
54 83 44
77 18 99
82 93 96
95 20 58
95 22 15
100 1 1
3 75 98
2 86 38
11 45 47
75 18 61
69 39 59
81 16 88
99 58 92
44 68 69
100 89 79
28 81 52
77 89 85
31 47 82
4 79 33
19 77 72
11 99 92
45 70 62
7 33 36
32 10 75
34 59 57
69 11 77
58 91 89
73 4 82
78 92 39
0 15 62
2 1 3
68 63 40
41 54 55
82 94 57
23 70 19
77 83 32
51 34 61
73 93 3
51 39 32
38 13 25
46 69 58
53 22 1
96 74 56
54 72 3
61 87 41
2 32 95
28 74 83
1 87 71
33 12 86
93 54 6
97 14 17
83 25 47
52 79 95
4 42 74
57 76 70
98 31 67
100 84 31
91 77 63
46 13 67
95 92 84
2 35 88
81 45 30
76 10 62
97 70 4
11 97 8
97 44 60
11 60 98
100 76 79
25 65 34
76 7 28
41 9 44
75 30 25
73 91 41
42 7 15
70 44 46
77 83 58
13 82 4
17 46 54
94 6 97
52 79 8
49 79 11
60 2 68
82 79 96
15 87 67
31 3 8
50 42 68
13 64 42
12 59 63
75 12 4
24 100 35
66 69 9
39 62 100
20 18 1
66 96 69
4 47 5
47 74 14
82 19 81
62 59 95
91 48 60
60 83 20
88 56 9
84 26 67
38 8 35
77 76 20
44 31 91
15 40 98
26 92 27
41 58 27
64 16 62
57 66 7
97 83 99
29 16 45
76 47 70
43 44 59
61 12 61
0 42 24
4 99 34
70 87 37
27 39 58
5 34 58
74 76 22
83 98 82
30 41 28
31 9 89
6 26 84
50 69 97
16 35 59
47 88 70
54 53 91
55 71 19
87 20 40
36 17 39
90 67 82
44 19 7
68 6 13
57 61 15
36 42 44
37 56 98
0 20 21
17 81 100
21 28 21
51 9 46
96 44 13
62 48 83
34 38 11
5 74 9
100 45 18
4 90 64
65 77 35
0 10 42
10 55 27
44 27 57
67 14 93
33 29 79
33 58 9
50 45 96
35 29 87
42 13 34
55 48 15
61 11 30
24 57 38
23 7 39
69 82 83
94 53 82
97 18 34
13 63 44
33 61 4
95 52 21
90 93 62
12 100 82
34 16 89
84 69 3
66 16 67
0 89 69
96 33 27
11 92 53
94 41 86
94 13 95
85 71 33
27 81 7
79 20 6
67 73 45
5 47 9
61 9 64
85 2 99
67 1 56
96 46 59
47 1 94
93 85 66
14 33 90
79 67 41
47 66 68
2 9 3
19 87 86
53 66 72
81 53 85
95 85 18
66 89 30
7 84 93
16 5 23
66 92 12
67 88 33
45 24 72
83 81 21
29 42 62
54 13 86
56 22 38
70 25 2
1 23 57
100 55 38
78 53 78
87 63 16
78 21 43
67 3 26
88 93 40
63 38 11
86 98 75
8 2 87
4 78 15
43 19 26
87 22 56
78 13 34
73 9 85
37 62 67
98 22 42
99 92 60
6 90 7
36 65 62
58 58 81
62 46 8
68 23 60
58 86 97
90 72 20
47 53 21
0 39 48
14 12 58
29 21 13
12 7 78
52 68 11
2 67 55
56 44 57
23 65 87
4 64 60
5 5 86
75 97 59
85 13 84
73 79 96
98 4 46
45 38 11
42 73 40
14 89 2
2 21 41
85 55 91
38 68 94
48 100 27
38 2 57
47 8 15
67 10 77
25 54 15
48 46 58
77 31 9
51 52 94
100 97 2
29 23 13
2 59 23
75 69 6
7 84 22
43 82 22
49 47 74
51 7 31
1 90 31
45 24 7
1 55 20
28 1 34
50 58 100
17 63 22
49 73 97
100 91 95
51 46 69
61 29 41
78 56 13
79 37 2
43 30 26
100 91 42
100 27 67
58 90 100
76 85 40
52 68 7
10 38 38
88 7 40
34 78 21
10 87 38
31 10 68
61 11 61
75 23 60
84 71 12
92 31 9
83 12 56
97 10 91
60 81 83
99 8 47
68 47 78
28 9 52
89 11 13
100 60 84
25 60 20
98 42 24
91 25 16
23 100 5
27 63 72
76 84 67
57 28 81
20 56 69
2 47 93
39 62 19
29 21 89
92 82 14
53 100 79
39 43 22
77 75 10
71 87 7
94 30 5
92 7 98
19 95 1
84 24 17
41 48 10
76 77 73
16 54 82
23 7 3
50 20 90
1 69 27
12 72 83
66 75 25
90 76 61
17 52 13
94 11 37
20 56 46
58 16 65
74 35 91
54 6 54
2 36 39
82 28 71
85 67 94
30 9 85
47 66 45
1 22 6
97 87 65
34 98 65
27 97 67
66 20 11
20 41 6
91 74 34
9 3 8
100 6 31
14 19 22
63 39 40
22 95 30
54 86 32
8 88 1
28 44 77
23 35 44
7 83 47
43 54 4
63 74 95
47 39 84
84 70 75
7 79 5
8 67 44
37 54 52
37 33 85
67 23 25
75 52 73
91 96 80
72 17 12
10 67 92
23 74 80
82 89 7
98 29 77
93 79 38
26 63 84
89 74 71
32 47 87
33 56 65
22 34 52
98 39 27
79 87 63
13 55 55
45 19 56
55 82 52
31 20 6
32 71 93
81 38 43
77 97 48
64 81 11
33 6 28
100 87 47
96 80 66
65 81 74
0 44 99
11 32 65
28 12 87
4 25 17
20 60 75
51 65 58
28 62 38
24 98 37
38 20 36
89 48 41
52 96 17
29 94 95
91 10 57
79 6 30
48 52 2
16 58 27
27 5 38
82 70 56
16 11 38
12 88 91
92 80 87
49 43 41
78 12 26
91 65 22
58 12 24
97 40 45
89 86 90
18 66 28
77 89 75
13 99 9
13 62 69
72 21 28
7 55 65
33 84 61
16 20 69
99 97 98
61 95 87
75 46 17
52 29 5
27 23 72
84 40 70
75 96 31
23 5 33
35 45 55
82 98 10
84 75 56
91 41 56
75 71 84
55 82 21
29 36 86
2 77 57
55 77 36
49 34 10
90 70 34
97 96 54
17 42 4
45 94 28
36 54 38
79 91 11
44 7 12
59 43 87
62 24 38
83 88 33
28 100 1
4 92 13
96 97 9
16 46 80
55 47 53
23 17 75
67 45 84
25 43 87
72 9 77
93 6 84
19 38 41
79 74 13
75 79 54
12 85 59
39 62 18
57 10 21
85 9 98
79 48 76
0 20 25
0 30 70
67 19 16
28 95 81
87 5 14
45 62 57
3 8 88
82 55 91
28 16 5
98 38 32
93 26 48
26 26 94
13 17 1
70 70 72
98 57 37
31 40 41
80 74 70
2 96 76
6 57 10
4 87 25
12 55 55
7 54 41
43 41 16
89 80 24
13 28 46
54 47 14
90 22 23
5 77 3
84 58 56
48 16 37
80 80 99
25 93 2
70 91 100
21 1 14
43 58 83
75 55 81
40 5 31
43 9 84
19 23 85
97 37 34
71 86 34
89 84 47
54 31 99
42 63 85
65 91 93
64 70 73
6 36 66
56 56 52
30 64 56
79 26 26
87 66 72
8 58 1
28 43 83
71 83 38
52 39 2
0 34 29
85 16 71
93 37 34
61 65 100
86 33 83
41 97 37
12 71 89
89 42 1
3 66 73
72 40 83
39 72 57
50 66 61
61 58 61
2 72 59
38 4 40
86 89 75
53 80 34
22 14 70
72 83 63
61 63 52
46 60 37
95 59 36
80 66 44
23 76 96
0 54 4
59 30 79
16 88 96
40 76 92
28 53 36
99 13 4
62 67 78
16 20 13
24 89 95
54 70 59
35 9 73
99 92 73
37 87 8
85 73 70
67 89 59
44 52 32
86 22 44
5 66 37
60 34 72
84 5 4
46 26 68
18 18 95
15 74 4
29 71 99
55 98 32
28 37 95
61 56 2
59 96 91
59 8 29
80 60 28
71 59 9
31 11 98
52 33 14
77 61 9
91 77 4
95 23 15
70 57 74
100 39 9
78 28 15
100 90 10
98 83 39
36 93 63
95 85 81
10 19 4
81 58 33
91 9 77
55 71 46
42 33 100
42 62 90
75 28 25
69 25 52
27 23 13
96 31 25
90 47 68
61 6 25
1 74 53
10 9 17
84 90 42
58 85 42
81 88 84
82 87 30
25 55 35
84 79 77
55 32 37
27 69 53
50 22 62
25 76 48
41 88 72
34 78 66
91 10 23
41 85 37
99 61 22
73 5 80
65 34 26
99 3 95
38 86 11
8 34 45
54 28 35
57 98 14
15 19 12
88 55 34
13 62 100
93 28 75
53 90 67
23 1 19
41 85 26
27 65 77
85 96 27
7 95 21
28 14 70
47 2 34
77 65 16
49 78 52
28 13 37
55 80 45
46 38 10
28 58 46
20 46 23
42 67 14
76 21 60
34 27 91
54 93 10
84 95 42
68 55 29
86 67 92
69 74 98
88 64 68
71 28 4
57 71 100
21 63 84
59 30 95
47 52 75
49 2 81
32 68 96
23 24 41
63 93 100
77 46 98
13 45 52
2 94 46
24 57 9
64 96 55
26 20 90
84 63 8
5 21 40
92 33 47
44 71 96
60 100 78
30 86 56
79 4 33
46 100 80
44 88 41
83 21 71
57 92 78
96 10 58
31 57 62
92 55 47
6 54 76
35 8 16
33 35 34
34 72 48
50 65 61
47 27 41
69 62 92
51 76 26
49 32 95
98 13 29
98 69 74
32 46 61
39 94 64
63 42 23
97 81 53
79 48 79
62 18 5
100 26 16
53 48 96
67 83 21
75 68 11
31 83 25
44 95 98
99 35 58
43 48 99
3 38 18
10 86 69
13 98 74
53 77 48
